48.070325 -1.746956 3
48.06957 -1.744317 3
48.068987 -1.74351 3
48.071311 -1.74638 3
48.071182 -1.747844 3
48.069631 -1.748327 3
48.072125 -1.748555 3
48.07246 -1.749323 3
48.068859 -1.749293 3
9_Trous_par_32 32

48.070325 -1.746956 0
48.06957 -1.744317 0
48.068987 -1.74351 0
48.071311 -1.74638 0
48.071182 -1.747844 0
48.069631 -1.748327 0
48.072125 -1.748555 0
48.07246 -1.749323 0
48.068859 -1.749293 0
9_Trous_compact 0

48.067001 -1.741196 5
48.06511045391539 -1.7384228110313416 4
48.06191124481533 -1.7402896285057068 4
48.06191682208731 -1.7423482239246368 3
48.064552761422526 -1.7475530505180359 5
48.06192696256268 -1.745017021894455 4
48.06523415940042 -1.7449117451906204 4
48.06514594323316 -1.7483684420585632 4
48.067265118137264 -1.7493769526481628 3
48.06686968056081 -1.7427840828895569 4
48.06626130932234 -1.7406007647514343 3
48.062286439683504 -1.7416200041770935 4
48.06523213147448 -1.7402628064155579 4
48.061439712251634 -1.7438247799873352 5
48.06404119994884 -1.7446012794971466 3
48.065678280295536 -1.7409548163414001 4
48.06590642296597 -1.7435082793235779 3
48.06719971917654 -1.7486514151096344 5
18_Trous_par_72 72
